0	0.481928	0.479178	0.136145	0.178313	0.0843373	0.178313	0.103614	0.8	0.894427
0.5	0.473934	0.448793	0.135071	0.184834	0.0876777	0.184834	0.0829384	0.897615	0.947425
1	0.45045	0.41736	0.126689	0.168919	0.0810811	0.168919	0.0878378	1.00714	1.00356
1.5	0.347826	0.385072	0.0947826	0.126957	0.0695652	0.133913	0.0486957	1.13003	1.06303
2	0.332779	0.352166	0.0898502	0.123128	0.0565724	0.121464	0.0582363	1.26791	1.12602
2.5	0.310559	0.318928	0.0881211	0.107143	0.052795	0.145963	0.0465839	1.42262	1.19274
3	0.320513	0.285689	0.0865385	0.108974	0.0608974	0.0977564	0.0785256	1.59621	1.26341
3.5	0.265604	0.252822	0.0737052	0.0956175	0.0411687	0.0956175	0.062417	1.79098	1.33827
4	0.221484	0.220729	0.0581395	0.0863787	0.03433	0.0730897	0.0387597	2.00951	1.41757
4.5	0.193798	0.189832	0.0501453	0.0755814	0.0261628	0.0620155	0.0368217	2.25471	1.50157
5	0.146843	0.160549	0.0383627	0.0565345	0.0242291	0.0535977	0.0190896	2.52982	1.59054
5.5	0.143988	0.13328	0.037077	0.049676	0.0259179	0.0431965	0.0295176	2.83851	1.68479
6	0.110132	0.108378	0.027946	0.0390969	0.0165198	0.0368943	0.0192731	3.18486	1.78462
6.5	0.0896057	0.0861255	0.0229615	0.0371864	0.0170251	0.0273297	0.0103047	3.57347	1.89036
7	0.061106	0.0667155	0.015582	0.0223037	0.00855484	0.0210816	0.010388	4.0095	2.00237
7.5	0.0493949	0.0502328	0.012534	0.0160533	0.00790319	0.0182761	0.00790319	4.49873	2.12102
8	0.0427259	0.0366468	0.0107349	0.0162358	0.00726341	0.0138859	0.00555437	5.04766	2.2467
8.5	0.0243546	0.0258125	0.00611909	0.00803702	0.00462737	0.00706283	0.00474915	5.66357	2.37982
9	0.0158844	0.0174842	0.00397109	0.00516242	0.00381225	0.00412993	0.00277976	6.35463	2.52084
9.5	0.0112404	0.0113383	0.00281009	0.00348452	0.00213567	0.00387793	0.00174226	7.13001	2.67021
10	0.0066324	0.00700429	0.0016581	0.00238766	0.000762726	0.00232134	0.00116067	8	2.82843
10.5	0.00489309	0.00409869	0.00122327	0.00163918	0.000782894	0.00161472	0.00085629	8.97615	2.99602
11	0.00217972	0.00225755	0.000544929	0.000719307	0.000348755	0.000664814	0.000446842	10.0714	3.17355
11.5	0.00136953	0.00116208	0.000342384	0.000390317	0.000253364	0.00049988	0.000225973	11.3003	3.36159
12	0.000652961	0.000554558	0.00016324	0.000208948	0.000127327	0.000189359	0.000127327	12.6791	3.56078
12.5	0.000237085	0.000243127	5.92711e-05	8.17942e-05	4.14898e-05	6.87545e-05	4.50461e-05	14.2262	3.77177
13	0.00010464	9.69328e-05	2.616e-05	3.61008e-05	1.88352e-05	3.61008e-05	1.36032e-05	15.9621	3.99526
13.5	3.39098e-05	3.47441e-05	8.47745e-06	1.16989e-05	4.57782e-06	1.33944e-05	4.23873e-06	17.9098	4.23199
14	1.11258e-05	1.10528e-05	2.78145e-06	3.94966e-06	1.83576e-06	3.39337e-06	1.94701e-06	20.0951	4.48275
14.5	2.5733e-06	3.07586e-06	6.43326e-07	6.69059e-07	4.24595e-07	9.52122e-07	5.27527e-07	22.5471	4.74837
15	7.86223e-07	7.36742e-07	1.96556e-07	2.79109e-07	1.33658e-07	2.16211e-07	1.57245e-07	25.2982	5.02973
noise test: mean -7.04065e-12, covariance9.99641e-08
