0	0.481928	0.479178	0.142169	0.195181	0.0843373	0.192771	0.0963855	0.8	0.894427
0.5	0.45977	0.448793	0.128736	0.147126	0.101149	0.167816	0.0988506	0.897615	0.947425
1	0.400802	0.41736	0.114228	0.152305	0.0701403	0.150301	0.0841683	1.00714	1.00356
1.5	0.400802	0.385072	0.112224	0.146293	0.0881764	0.142285	0.0721443	1.13003	1.06303
2	0.364964	0.352166	0.101277	0.129562	0.0675182	0.127737	0.080292	1.26791	1.12602
2.5	0.316456	0.318928	0.0878165	0.120253	0.0696203	0.110759	0.0506329	1.42262	1.19274
3	0.292398	0.285689	0.0804094	0.0964912	0.0584795	0.0950292	0.0716374	1.59621	1.26341
3.5	0.267738	0.252822	0.0712851	0.0803213	0.0455154	0.105756	0.0535475	1.79098	1.33827
4	0.219298	0.220729	0.0572917	0.0756579	0.0449561	0.0734649	0.0350877	2.00951	1.41757
4.5	0.21097	0.189832	0.0572257	0.0791139	0.0379747	0.0675105	0.0443038	2.25471	1.50157
5	0.15083	0.160549	0.0395928	0.0550528	0.0263952	0.0573152	0.0196078	2.52982	1.59054
5.5	0.145349	0.13328	0.0377907	0.0537791	0.0247093	0.0537791	0.0188953	2.83851	1.68479
6	0.110497	0.108378	0.0281768	0.0370166	0.0254144	0.0359116	0.0143646	3.18486	1.78462
6.5	0.0948317	0.0861255	0.023945	0.0284495	0.0184922	0.0346136	0.0142248	3.57347	1.89036
7	0.0673174	0.0667155	0.0172501	0.0215416	0.0138001	0.0222147	0.011444	4.0095	2.00237
7.5	0.0505433	0.0502328	0.012699	0.0159212	0.00960323	0.0171847	0.00808693	4.49873	2.12102
8	0.036523	0.0366468	0.00935902	0.0122352	0.00785245	0.0127831	0.00456538	5.04766	2.2467
8.5	0.0262261	0.0258125	0.00662208	0.00721217	0.00458956	0.0102282	0.00445843	5.66357	2.37982
9	0.0160128	0.0174842	0.00402322	0.00592474	0.00264211	0.00480384	0.00272218	6.35463	2.52084
9.5	0.0107974	0.0113383	0.00272634	0.00404902	0.00178157	0.00404902	0.00102575	7.13001	2.67021
10	0.00691683	0.00700429	0.00172921	0.00242089	0.000830019	0.00224797	0.00141795	8	2.82843
10.5	0.00367094	0.00409869	0.000917734	0.00122976	0.000532286	0.00128483	0.000624059	8.97615	2.99602
11	0.00227438	0.00225755	0.000568595	0.000875637	0.000375273	0.000750546	0.000272926	10.0714	3.17355
11.5	0.0010946	0.00116208	0.00027365	0.000377637	0.000136825	0.000322907	0.000257231	11.3003	3.36159
12	0.000621108	0.000554558	0.000155277	0.000198755	0.00014596	0.000186333	9.00607e-05	12.6791	3.56078
12.5	0.000220787	0.000243127	5.51968e-05	6.40283e-05	3.75338e-05	8.94189e-05	2.98063e-05	14.2262	3.77177
13	0.000109807	9.69328e-05	2.74516e-05	3.45891e-05	1.7569e-05	3.84323e-05	1.92161e-05	15.9621	3.99526
13.5	3.51832e-05	3.47441e-05	8.7958e-06	1.12586e-05	5.98115e-06	1.23141e-05	5.62931e-06	17.9098	4.23199
14	1.16701e-05	1.10528e-05	2.91754e-06	4.3763e-06	1.98392e-06	3.55939e-06	1.75052e-06	20.0951	4.48275
14.5	3.06906e-06	3.07586e-06	7.67266e-07	1.08952e-06	4.75705e-07	8.43992e-07	6.59849e-07	22.5471	4.74837
15	7.05938e-07	7.36742e-07	1.76484e-07	2.50608e-07	1.1295e-07	2.2943e-07	1.1295e-07	25.2982	5.02973
noise test: mean 0.00448175, covariance1.00417
