0	0.449438	0.479178	0.126966	0.164045	0.094382	0.155056	0.094382	0.8	0.894427
0.5	0.516796	0.448793	0.153101	0.193798	0.0981912	0.206718	0.113695	0.897615	0.947425
1	0.401606	0.41736	0.11496	0.134538	0.0803213	0.186747	0.0582329	1.00714	1.00356
1.5	0.400802	0.385072	0.113727	0.154309	0.0861723	0.152305	0.0621242	1.13003	1.06303
2	0.344828	0.352166	0.0961207	0.153448	0.0534483	0.117241	0.0603448	1.26791	1.12602
2.5	0.31746	0.318928	0.0869048	0.134921	0.0444444	0.128571	0.0396825	1.42262	1.19274
3	0.263852	0.285689	0.0722296	0.091029	0.0593668	0.0963061	0.0422164	1.59621	1.26341
3.5	0.25974	0.252822	0.0704545	0.0896104	0.0506494	0.0844156	0.0571429	1.79098	1.33827
4	0.21645	0.220729	0.0576299	0.0790043	0.0465368	0.0714286	0.0335498	2.00951	1.41757
4.5	0.180343	0.189832	0.0473399	0.0595131	0.03156	0.0622182	0.0360685	2.25471	1.50157
5	0.159872	0.160549	0.0415667	0.0495604	0.0327738	0.0583533	0.0255795	2.52982	1.59054
5.5	0.133333	0.13328	0.0343333	0.046	0.0233333	0.046	0.022	2.83851	1.68479
6	0.116482	0.108378	0.0302854	0.0361095	0.019802	0.0401864	0.0250437	3.18486	1.78462
6.5	0.0898069	0.0861255	0.0229008	0.0282892	0.0143691	0.0350247	0.0139201	3.57347	1.89036
7	0.0695169	0.0667155	0.0179875	0.0246785	0.0118179	0.0250261	0.0104275	4.0095	2.00237
7.5	0.0470588	0.0502328	0.012	0.0162353	0.008	0.016	0.00776471	4.49873	2.12102
8	0.0379795	0.0366468	0.00954235	0.0140524	0.00512723	0.0119635	0.00702621	5.04766	2.2467
8.5	0.0242043	0.0258125	0.00614184	0.00835048	0.00399371	0.00774537	0.00447779	5.66357	2.37982
9	0.0180815	0.0174842	0.00454299	0.00678058	0.0023506	0.00641895	0.00262182	6.35463	2.52084
9.5	0.0109957	0.0113383	0.00274891	0.00368354	0.00186926	0.00395844	0.00148441	7.13001	2.67021
10	0.00657722	0.00700429	0.0016443	0.00256511	0.00101947	0.00220337	0.000789266	8	2.82843
10.5	0.00431742	0.00409869	0.00107935	0.00174855	0.000345393	0.0015111	0.000712374	8.97615	2.99602
11	0.00222432	0.00225755	0.000556081	0.00068954	0.000400378	0.000700662	0.000433743	10.0714	3.17355
11.5	0.00122769	0.00116208	0.000306922	0.000380583	0.000184153	0.000435829	0.000227122	11.3003	3.36159
12	0.000504051	0.000554558	0.000126013	0.000176418	7.56077e-05	0.000148695	0.000103331	12.6791	3.56078
12.5	0.000260976	0.000243127	6.52441e-05	6.78538e-05	4.30611e-05	9.52564e-05	5.4805e-05	14.2262	3.77177
13	9.18937e-05	9.69328e-05	2.29734e-05	3.40007e-05	1.33246e-05	2.75681e-05	1.70003e-05	15.9621	3.99526
13.5	3.83753e-05	3.47441e-05	9.59383e-06	1.0937e-05	8.25069e-06	1.32395e-05	5.94817e-06	17.9098	4.23199
14	1.1536e-05	1.10528e-05	2.88401e-06	3.92225e-06	1.84577e-06	3.80689e-06	1.96113e-06	20.0951	4.48275
14.5	3.03343e-06	3.07586e-06	7.58357e-07	1.16787e-06	5.61184e-07	8.19026e-07	4.85349e-07	22.5471	4.74837
15	7.18128e-07	7.36742e-07	1.79532e-07	1.93894e-07	1.32854e-07	2.54935e-07	1.36444e-07	25.2982	5.02973
noise test: mean 0.000273485, covariance0.999724
