0	0.46729	0.479178	0.137266	0.191589	0.0957944	0.165888	0.0957944	0.8	0.894427
0.5	0.464037	0.448793	0.135731	0.171694	0.0765661	0.190255	0.104408	0.897615	0.947425
1	0.411523	0.41736	0.119856	0.176955	0.0761317	0.154321	0.0720165	1.00714	1.00356
1.5	0.37037	0.385072	0.105556	0.164815	0.0518519	0.124074	0.0814815	1.13003	1.06303
2	0.348432	0.352166	0.0958188	0.135889	0.0505226	0.132404	0.0644599	1.26791	1.12602
2.5	0.286533	0.318928	0.0777221	0.10745	0.0601719	0.0945559	0.0487106	1.42262	1.19274
3	0.27894	0.285689	0.0753138	0.0808926	0.0613668	0.104603	0.0543933	1.59621	1.26341
3.5	0.26178	0.252822	0.0713351	0.0890052	0.0589005	0.0876963	0.0497382	1.79098	1.33827
4	0.246914	0.220729	0.0669753	0.0814815	0.045679	0.101235	0.0395062	2.00951	1.41757
4.5	0.195122	0.189832	0.0512195	0.0634146	0.0429268	0.0721951	0.0263415	2.25471	1.50157
5	0.158228	0.160549	0.0411392	0.0403481	0.0276899	0.068038	0.028481	2.52982	1.59054
5.5	0.131752	0.13328	0.0340909	0.0474308	0.0223979	0.0454545	0.0210804	2.83851	1.68479
6	0.124069	0.108378	0.0316377	0.0366005	0.0260546	0.0378412	0.0260546	3.18486	1.78462
6.5	0.0922084	0.0861255	0.0235131	0.0313509	0.0165975	0.0318119	0.0142923	3.57347	1.89036
7	0.0673174	0.0667155	0.0171659	0.0218782	0.00908785	0.0255806	0.0121171	4.0095	2.00237
7.5	0.0509684	0.0502328	0.0129332	0.0175841	0.00764526	0.0178389	0.00866463	4.49873	2.12102
8	0.0420875	0.0366468	0.0106797	0.0162037	0.00673401	0.0138889	0.00589226	5.04766	2.2467
8.5	0.0278087	0.0258125	0.00695217	0.00959399	0.00458843	0.00931591	0.00431034	5.66357	2.37982
9	0.0175886	0.0174842	0.00444112	0.00562835	0.0024624	0.00659573	0.00307801	6.35463	2.52084
9.5	0.0126231	0.0113383	0.00315577	0.00334511	0.00239838	0.00441808	0.0024615	7.13001	2.67021
10	0.00743605	0.00700429	0.00185901	0.0026398	0.00130131	0.00260262	0.000892326	8	2.82843
10.5	0.00399912	0.00409869	0.00100478	0.00147967	0.000639859	0.00123973	0.000659855	8.97615	2.99602
11	0.00223794	0.00225755	0.000559484	0.000760899	0.00034688	0.000794468	0.000335691	10.0714	3.17355
11.5	0.00112229	0.00116208	0.000280573	0.000392802	0.000202012	0.000370356	0.000157121	11.3003	3.36159
12	0.000560519	0.000554558	0.00014083	0.000170958	8.12753e-05	0.000210195	0.000100893	12.6791	3.56078
12.5	0.000247096	0.000243127	6.1774e-05	8.03062e-05	3.3358e-05	8.77191e-05	4.57128e-05	14.2262	3.77177
13	9.17456e-05	9.69328e-05	2.29364e-05	3.16522e-05	1.78904e-05	2.61475e-05	1.60555e-05	15.9621	3.99526
13.5	3.81039e-05	3.47441e-05	9.52598e-06	1.31459e-05	5.33455e-06	1.21933e-05	7.43027e-06	17.9098	4.23199
14	1.14989e-05	1.10528e-05	2.87473e-06	3.79464e-06	1.66734e-06	4.08211e-06	1.95481e-06	20.0951	4.48275
14.5	2.82099e-06	3.07586e-06	7.05249e-07	1.10019e-06	4.65464e-07	7.19354e-07	5.35989e-07	22.5471	4.74837
15	7.20635e-07	7.36742e-07	1.80159e-07	2.45016e-07	9.36825e-08	2.70238e-07	1.11698e-07	25.2982	5.02973
noise test: mean 6.08893e-12, covariance1.00008e-07
