0	0.483092	0.479178	0.141304	0.195652	0.089372	0.176329	0.103865	0.8	0.894427
0.5	0.437637	0.448793	0.128556	0.164114	0.0940919	0.159737	0.0962801	0.897615	0.947425
1	0.446429	0.41736	0.128348	0.165179	0.09375	0.169643	0.0848214	1.00714	1.00356
1.5	0.406504	0.385072	0.115346	0.148374	0.0772358	0.166667	0.0691057	1.13003	1.06303
2	0.337268	0.352166	0.0952782	0.121417	0.102867	0.10118	0.0556492	1.26791	1.12602
2.5	0.350263	0.318928	0.100263	0.127846	0.0700525	0.131349	0.0718039	1.42262	1.19274
3	0.306279	0.285689	0.0846095	0.111792	0.0490046	0.119449	0.058193	1.59621	1.26341
3.5	0.250313	0.252822	0.0653942	0.0851064	0.0325407	0.0951189	0.048811	1.79098	1.33827
4	0.198807	0.220729	0.0524354	0.0725646	0.0328032	0.0666004	0.0377734	2.00951	1.41757
4.5	0.194363	0.189832	0.0517493	0.0612245	0.0398445	0.0631681	0.04276	2.25471	1.50157
5	0.167785	0.160549	0.0438339	0.0629195	0.0318792	0.0545302	0.0260067	2.52982	1.59054
5.5	0.122775	0.13328	0.0325353	0.0448128	0.0190301	0.0503376	0.0159607	2.83851	1.68479
6	0.0992556	0.108378	0.0259305	0.030273	0.0193548	0.035732	0.0183623	3.18486	1.78462
6.5	0.0948317	0.0861255	0.0245377	0.0355619	0.020863	0.0284495	0.0132764	3.57347	1.89036
7	0.0677736	0.0667155	0.017367	0.0196544	0.0105049	0.0264317	0.012877	4.0095	2.00237
7.5	0.0600962	0.0502328	0.0152494	0.0222356	0.00841346	0.0228365	0.00751202	4.49873	2.12102
8	0.0304507	0.0366468	0.00768879	0.0118758	0.00593788	0.00761267	0.00532887	5.04766	2.2467
8.5	0.0265993	0.0258125	0.00664982	0.00957574	0.00452188	0.00811278	0.00438888	5.66357	2.37982
9	0.01972	0.0174842	0.00497929	0.00709919	0.0031552	0.00690199	0.0027608	6.35463	2.52084
9.5	0.0111452	0.0113383	0.00281415	0.00373363	0.0017275	0.00356645	0.00222903	7.13001	2.67021
10	0.00702371	0.00700429	0.00175593	0.00273924	0.00105356	0.00182616	0.00140474	8	2.82843
10.5	0.0044155	0.00409869	0.00110387	0.00143504	0.000838945	0.00132465	0.000816867	8.97615	2.99602
11	0.00231056	0.00225755	0.000580529	0.000693169	0.000462113	0.000831803	0.000335032	10.0714	3.17355
11.5	0.00115034	0.00116208	0.000287584	0.000379611	0.000218564	0.000345101	0.000207061	11.3003	3.36159
12	0.00053068	0.000554558	0.00013267	0.000177778	9.81758e-05	0.000161857	9.2869e-05	12.6791	3.56078
12.5	0.000250967	0.000243127	6.27416e-05	8.53286e-05	3.51353e-05	9.16028e-05	3.88998e-05	14.2262	3.77177
13	8.70084e-05	9.69328e-05	2.17521e-05	2.56675e-05	1.78367e-05	2.95829e-05	1.39213e-05	15.9621	3.99526
13.5	3.40963e-05	3.47441e-05	8.52409e-06	1.14223e-05	6.4783e-06	1.05699e-05	5.6259e-06	17.9098	4.23199
14	1.09838e-05	1.10528e-05	2.74594e-06	3.35005e-06	2.08691e-06	3.95415e-06	1.59265e-06	20.0951	4.48275
14.5	3.1853e-06	3.07586e-06	7.96324e-07	9.87442e-07	5.8928e-07	1.03522e-06	5.73353e-07	22.5471	4.74837
15	7.1238e-07	7.36742e-07	1.78095e-07	2.45771e-07	1.42476e-07	2.27962e-07	9.61713e-08	25.2982	5.02973
