0	0.455581	0.479178	0.136105	0.207289	0.0797267	0.161731	0.095672	0.8	0.894427
0.5	0.40404	0.448793	0.111616	0.167677	0.0767677	0.137374	0.0646465	0.897615	0.947425
1	0.421941	0.41736	0.118671	0.179325	0.0654008	0.164557	0.0654008	1.00714	1.00356
1.5	0.365631	0.385072	0.104205	0.137112	0.0822669	0.142596	0.0548446	1.13003	1.06303
2	0.321027	0.352166	0.0882825	0.11236	0.0497592	0.125201	0.0658106	1.26791	1.12602
2.5	0.291971	0.318928	0.0813869	0.10365	0.0554745	0.122628	0.0437956	1.42262	1.19274
3	0.283688	0.285689	0.0765957	0.0851064	0.058156	0.114894	0.048227	1.59621	1.26341
3.5	0.267023	0.252822	0.0714286	0.0974633	0.0360481	0.0947931	0.0574099	1.79098	1.33827
4	0.232288	0.220729	0.0603949	0.0917538	0.0360046	0.0789779	0.0348432	2.00951	1.41757
4.5	0.195695	0.189832	0.0535714	0.0684932	0.0342466	0.074364	0.037182	2.25471	1.50157
5	0.150716	0.160549	0.0384326	0.0527506	0.028636	0.0474755	0.0248681	2.52982	1.59054
5.5	0.141743	0.13328	0.0361446	0.0510276	0.0290574	0.0467753	0.0177179	2.83851	1.68479
6	0.121951	0.108378	0.0317073	0.0384146	0.0219512	0.045122	0.0213415	3.18486	1.78462
6.5	0.0773096	0.0861255	0.0196173	0.0270584	0.011983	0.0231929	0.016235	3.57347	1.89036
7	0.0643501	0.0667155	0.0165701	0.019305	0.00965251	0.024453	0.01287	4.0095	2.00237
7.5	0.0503905	0.0502328	0.0127866	0.0173847	0.00680272	0.0183925	0.00856639	4.49873	2.12102
8	0.0315159	0.0366468	0.00799716	0.0113457	0.00709108	0.0092972	0.00425465	5.04766	2.2467
8.5	0.0242512	0.0258125	0.00609312	0.00763914	0.00448648	0.00860919	0.00363769	5.66357	2.37982
9	0.0174886	0.0174842	0.00441588	0.00620846	0.00227352	0.00577125	0.00341028	6.35463	2.52084
9.5	0.0114659	0.0113383	0.00286648	0.00435705	0.00183455	0.00355443	0.00171989	7.13001	2.67021
10	0.00684112	0.00700429	0.00171028	0.00212075	0.00126561	0.00266803	0.000786728	8	2.82843
10.5	0.00447457	0.00409869	0.00111864	0.00154373	0.000492203	0.00170034	0.000738305	8.97615	2.99602
11	0.00234121	0.00225755	0.000585302	0.000784305	0.000398005	0.000772599	0.000386299	10.0714	3.17355
11.5	0.00118443	0.00116208	0.000296109	0.000384941	0.00021912	0.000414552	0.000165821	11.3003	3.36159
12	0.000573033	0.000554558	0.000143258	0.000151854	0.000100281	0.000203427	0.000117472	12.6791	3.56078
12.5	0.000239952	0.000243127	5.9988e-05	7.43851e-05	4.07918e-05	8.27834e-05	4.19916e-05	14.2262	3.77177
13	9.05904e-05	9.69328e-05	2.26476e-05	3.26125e-05	1.22297e-05	2.94419e-05	1.63063e-05	15.9621	3.99526
13.5	3.54004e-05	3.47441e-05	8.85011e-06	1.09741e-05	6.90308e-06	1.18591e-05	5.66407e-06	17.9098	4.23199
14	9.52154e-06	1.10528e-05	2.38038e-06	3.04689e-06	1.33301e-06	3.57058e-06	1.57105e-06	20.0951	4.48275
14.5	2.89493e-06	3.07586e-06	7.23733e-07	1.0856e-06	5.06613e-07	8.25055e-07	4.77664e-07	22.5471	4.74837
15	7.19949e-07	7.36742e-07	1.79987e-07	2.59182e-07	1.25991e-07	2.12385e-07	1.22391e-07	25.2982	5.02973
noise test: mean -1.6205e-11, covariance1.0001e-07
