0	0.472813	0.479178	0.146572	0.212766	0.101655	0.163121	0.108747	0.8	0.894427
0.5	0.424628	0.448793	0.125265	0.167728	0.0934183	0.152866	0.0870488	0.897615	0.947425
1	0.4	0.41736	0.1155	0.146	0.088	0.142	0.086	1.00714	1.00356
1.5	0.389105	0.385072	0.106518	0.159533	0.0583658	0.143969	0.0642023	1.13003	1.06303
2	0.34904	0.352166	0.0955497	0.123909	0.04363	0.13438	0.0802792	1.26791	1.12602
2.5	0.330033	0.318928	0.0911716	0.128713	0.0594059	0.125413	0.0511551	1.42262	1.19274
3	0.294551	0.285689	0.0806333	0.0868925	0.0574374	0.120766	0.0574374	1.59621	1.26341
3.5	0.246914	0.252822	0.0654321	0.082716	0.0444444	0.104938	0.0296296	1.79098	1.33827
4	0.205761	0.220729	0.0540123	0.06893	0.037037	0.0709877	0.0390947	2.00951	1.41757
4.5	0.187441	0.189832	0.0494377	0.0834114	0.0328022	0.0524836	0.0290534	2.25471	1.50157
5	0.180668	0.160549	0.0474255	0.0641373	0.0271003	0.0704607	0.0280036	2.52982	1.59054
5.5	0.133958	0.13328	0.0351641	0.0448761	0.0241125	0.0488948	0.0227729	2.83851	1.68479
6	0.106724	0.108378	0.0276147	0.0320171	0.0186766	0.0389541	0.0208111	3.18486	1.78462
6.5	0.0980873	0.0861255	0.0246444	0.0328592	0.0142227	0.034821	0.0166748	3.57347	1.89036
7	0.0682128	0.0667155	0.0176501	0.0238745	0.010573	0.0221692	0.0139836	4.0095	2.00237
7.5	0.0546896	0.0502328	0.0136724	0.0161334	0.00984413	0.0194148	0.00929724	4.49873	2.12102
8	0.040008	0.0366468	0.010102	0.0136027	0.00740148	0.0122024	0.00720144	5.04766	2.2467
8.5	0.0274198	0.0258125	0.00688922	0.00808884	0.00370167	0.0105566	0.00520976	5.66357	2.37982
9	0.018167	0.0174842	0.00458716	0.00517758	0.00363339	0.00599509	0.00354256	6.35463	2.52084
9.5	0.0110742	0.0113383	0.00276855	0.00370986	0.00177187	0.00370986	0.00188261	7.13001	2.67021
10	0.00786906	0.00700429	0.0019771	0.00299024	0.00137709	0.0020853	0.00145578	8	2.82843
10.5	0.00425505	0.00409869	0.00106376	0.00140417	0.00093611	0.00125524	0.000659532	8.97615	2.99602
11	0.00216673	0.00225755	0.000541682	0.00068252	0.000390011	0.000758355	0.000335843	10.0714	3.17355
11.5	0.00112072	0.00116208	0.00028018	0.000341819	0.000201729	0.000375441	0.000201729	11.3003	3.36159
12	0.000540123	0.000554558	0.000135031	0.000199846	0.000102623	0.000153935	8.37191e-05	12.6791	3.56078
12.5	0.000238309	0.000243127	5.95771e-05	7.74503e-05	4.76617e-05	6.67264e-05	4.64702e-05	14.2262	3.77177
13	0.000102771	9.69328e-05	2.56928e-05	3.49422e-05	1.69572e-05	3.34006e-05	1.74711e-05	15.9621	3.99526
13.5	3.61071e-05	3.47441e-05	9.02678e-06	1.33596e-05	6.13821e-06	1.15543e-05	5.055e-06	17.9098	4.23199
14	1.15859e-05	1.10528e-05	2.89647e-06	3.82334e-06	1.91167e-06	4.57642e-06	1.27445e-06	20.0951	4.48275
14.5	3.18395e-06	3.07586e-06	7.95988e-07	1.08254e-06	6.3679e-07	1.0507e-06	4.13914e-07	22.5471	4.74837
15	8.1672e-07	7.36742e-07	2.0418e-07	2.89936e-07	1.30675e-07	2.77685e-07	1.18424e-07	25.2982	5.02973
noise test: mean -6.41276e-11, covariance9.99765e-08
