0	0.531915	0.479178	0.154255	0.215426	0.109043	0.202128	0.0904255	0.8	0.894427
0.5	0.447427	0.448793	0.128076	0.183445	0.0805369	0.152125	0.0961969	0.897615	0.947425
1	0.403226	0.41736	0.114919	0.163306	0.0645161	0.165323	0.0665323	1.00714	1.00356
1.5	0.414079	0.385072	0.111284	0.169772	0.0786749	0.136646	0.0600414	1.13003	1.06303
2	0.347826	0.352166	0.0947826	0.13913	0.0469565	0.121739	0.0713043	1.26791	1.12602
2.5	0.304878	0.318928	0.0826982	0.102134	0.0792683	0.097561	0.0518293	1.42262	1.19274
3	0.323625	0.285689	0.085356	0.106796	0.0614887	0.113269	0.0598706	1.59621	1.26341
3.5	0.256739	0.252822	0.0664313	0.0808729	0.0487805	0.0949936	0.0410783	1.79098	1.33827
4	0.217628	0.220729	0.0571273	0.0794342	0.0435256	0.0718172	0.0337323	2.00951	1.41757
4.5	0.182315	0.189832	0.0478578	0.0619872	0.0346399	0.0619872	0.0328168	2.25471	1.50157
5	0.168209	0.160549	0.0439445	0.0563499	0.0252313	0.0706476	0.0235492	2.52982	1.59054
5.5	0.136333	0.13328	0.0357873	0.0436264	0.0245399	0.0463531	0.0286299	2.83851	1.68479
6	0.109709	0.108378	0.0282501	0.0405924	0.0175535	0.0329128	0.0219419	3.18486	1.78462
6.5	0.0817327	0.0861255	0.0208418	0.0261545	0.0163465	0.0261545	0.0147119	3.57347	1.89036
7	0.068306	0.0667155	0.017418	0.023224	0.0102459	0.0239071	0.0122951	4.0095	2.00237
7.5	0.0491159	0.0502328	0.0123404	0.0144892	0.00761297	0.0179273	0.00933202	4.49873	2.12102
8	0.0393623	0.0366468	0.00984058	0.01358	0.00688841	0.0125959	0.00629797	5.04766	2.2467
8.5	0.0252557	0.0258125	0.00637707	0.00846066	0.00505114	0.00808183	0.00391464	5.66357	2.37982
9	0.0172087	0.0174842	0.0043237	0.00507658	0.0033557	0.0055068	0.0033557	6.35463	2.52084
9.5	0.0107227	0.0113383	0.00268068	0.00321681	0.00209093	0.00337765	0.00203732	7.13001	2.67021
10	0.00683995	0.00700429	0.00171854	0.00239398	0.000889193	0.00242818	0.00116279	8	2.82843
10.5	0.00432685	0.00409869	0.00108171	0.00140623	0.000584125	0.00149276	0.000843736	8.97615	2.99602
11	0.00243757	0.00225755	0.000609392	0.000865337	0.000341259	0.00073127	0.000499701	10.0714	3.17355
11.5	0.00128919	0.00116208	0.000322298	0.000515677	0.000206271	0.000360974	0.000206271	11.3003	3.36159
12	0.000599073	0.000554558	0.000149768	0.000221657	8.38703e-05	0.00020668	8.68656e-05	12.6791	3.56078
12.5	0.000252175	0.000243127	6.30438e-05	7.94352e-05	5.29568e-05	8.32179e-05	3.65654e-05	14.2262	3.77177
13	9.61771e-05	9.69328e-05	2.40443e-05	3.12575e-05	2.06781e-05	2.9334e-05	1.49074e-05	15.9621	3.99526
13.5	3.20641e-05	3.47441e-05	8.01603e-06	1.2024e-05	4.96994e-06	1.02605e-05	4.80962e-06	17.9098	4.23199
14	9.66078e-06	1.10528e-05	2.4152e-06	3.38127e-06	1.15929e-06	3.18806e-06	1.93216e-06	20.0951	4.48275
14.5	3.08588e-06	3.07586e-06	7.7147e-07	1.01834e-06	4.47453e-07	1.0492e-06	5.70888e-07	22.5471	4.74837
15	7.38775e-07	7.36742e-07	1.84694e-07	2.17939e-07	1.29286e-07	2.69653e-07	1.21898e-07	25.2982	5.02973
15.5	1.30606e-07	1.49144e-07	3.26514e-08	3.85287e-08	2.74272e-08	4.5712e-08	1.89378e-08	28.3851	5.32776
