0	0.516796	0.479178	0.148579	0.191214	0.0956072	0.222222	0.0852713	0.8	0.894427
0.5	0.454545	0.448793	0.13125	0.170455	0.104545	0.156818	0.0931818	0.897615	0.947425
1	0.429185	0.41736	0.125	0.178112	0.0665236	0.156652	0.0987124	1.00714	1.00356
1.5	0.372439	0.385072	0.107076	0.141527	0.0633147	0.145251	0.0782123	1.13003	1.06303
2	0.362319	0.352166	0.100996	0.144928	0.0688406	0.117754	0.0724638	1.26791	1.12602
2.5	0.29985	0.318928	0.0835832	0.110945	0.0494753	0.125937	0.047976	1.42262	1.19274
3	0.323625	0.285689	0.0894013	0.116505	0.0631068	0.113269	0.0647249	1.59621	1.26341
3.5	0.238663	0.252822	0.0644391	0.0847255	0.0405728	0.0847255	0.0477327	1.79098	1.33827
4	0.227531	0.220729	0.0605802	0.0750853	0.0443686	0.0807736	0.0420933	2.00951	1.41757
4.5	0.169205	0.189832	0.0446277	0.0566836	0.0279188	0.0600677	0.0338409	2.25471	1.50157
5	0.146199	0.160549	0.0380117	0.0621345	0.0197368	0.0511696	0.0190058	2.52982	1.59054
5.5	0.132714	0.13328	0.0348374	0.0398142	0.0225614	0.0550763	0.0218978	2.83851	1.68479
6	0.0974659	0.108378	0.0250975	0.0326511	0.0199805	0.0297271	0.0180312	3.18486	1.78462
6.5	0.0874126	0.0861255	0.022618	0.0288462	0.0144231	0.0305944	0.0166084	3.57347	1.89036
7	0.0687758	0.0667155	0.0173659	0.0230399	0.0116919	0.0233838	0.011348	4.0095	2.00237
7.5	0.0585995	0.0502328	0.0146499	0.0202168	0.00937592	0.0205098	0.00849692	4.49873	2.12102
8	0.0396432	0.0366468	0.00996036	0.0148662	0.00753221	0.0112983	0.0061447	5.04766	2.2467
8.5	0.0240848	0.0258125	0.00608141	0.00758671	0.00421484	0.00758671	0.00493738	5.66357	2.37982
9	0.0185082	0.0174842	0.00462706	0.00647788	0.00277624	0.00592264	0.00333148	6.35463	2.52084
9.5	0.0105747	0.0113383	0.0026569	0.00348966	0.00227357	0.00338392	0.00148046	7.13001	2.67021
10	0.00657289	0.00700429	0.00165966	0.0020376	0.00118312	0.00246484	0.00095307	8	2.82843
10.5	0.00390351	0.00409869	0.000975876	0.00138574	0.000761184	0.00124912	0.000507456	8.97615	2.99602
11	0.00223756	0.00225755	0.00055939	0.000805522	0.000268507	0.000749583	0.000413949	10.0714	3.17355
11.5	0.00106441	0.00116208	0.000266102	0.000351254	0.000170305	0.000377865	0.000164983	11.3003	3.36159
12	0.000564369	0.000554558	0.000141092	0.000222926	8.18335e-05	0.000174954	8.46554e-05	12.6791	3.56078
12.5	0.000226205	0.000243127	5.65512e-05	8.48268e-05	4.07168e-05	7.23855e-05	2.82756e-05	14.2262	3.77177
13	9.95786e-05	9.69328e-05	2.48947e-05	3.58483e-05	1.19494e-05	3.58483e-05	1.59326e-05	15.9621	3.99526
13.5	3.14984e-05	3.47441e-05	7.8746e-06	1.0867e-05	4.56727e-06	1.10244e-05	5.03975e-06	17.9098	4.23199
14	1.06672e-05	1.10528e-05	2.66679e-06	3.52017e-06	1.44007e-06	3.94685e-06	1.76008e-06	20.0951	4.48275
14.5	2.79446e-06	3.07586e-06	6.98615e-07	1.01998e-06	4.89031e-07	9.22172e-07	3.6328e-07	22.5471	4.74837
15	6.94909e-07	7.36742e-07	1.73727e-07	2.18896e-07	1.07711e-07	2.43218e-07	1.25084e-07	25.2982	5.02973
noise test: mean 1.79756e-11, covariance9.99761e-08
