0	0.498753	0.479178	0.143392	0.197007	0.074813	0.197007	0.104738	0.8	0.894427
0.5	0.43573	0.448793	0.127451	0.165577	0.08061	0.174292	0.0893246	0.897615	0.947425
1	0.434783	0.41736	0.126087	0.178261	0.0956522	0.154348	0.076087	1.00714	1.00356
1.5	0.375235	0.385072	0.107411	0.148218	0.0863039	0.135084	0.0600375	1.13003	1.06303
2	0.376648	0.352166	0.10452	0.143126	0.0772128	0.137476	0.0602637	1.26791	1.12602
2.5	0.303951	0.318928	0.0854863	0.115502	0.0486322	0.12614	0.0516717	1.42262	1.19274
3	0.286533	0.285689	0.0755731	0.103152	0.0630372	0.100287	0.0358166	1.59621	1.26341
3.5	0.243902	0.252822	0.064939	0.0902439	0.047561	0.0768293	0.045122	1.79098	1.33827
4	0.214592	0.220729	0.0560622	0.0815451	0.0300429	0.0815451	0.0311159	2.00951	1.41757
4.5	0.209205	0.189832	0.0554393	0.0774059	0.039749	0.0742678	0.0303347	2.25471	1.50157
5	0.161551	0.160549	0.0418013	0.0605816	0.0258481	0.052504	0.0282714	2.52982	1.59054
5.5	0.142349	0.13328	0.0366548	0.0398577	0.0298932	0.0476868	0.0291815	2.83851	1.68479
6	0.10661	0.108378	0.0271855	0.032516	0.0154584	0.0447761	0.0159915	3.18486	1.78462
6.5	0.0878735	0.0861255	0.0222979	0.0307557	0.0171353	0.0250439	0.0162566	3.57347	1.89036
7	0.0632911	0.0667155	0.0160601	0.021519	0.00917722	0.0193038	0.0142405	4.0095	2.00237
7.5	0.0530926	0.0502328	0.0134059	0.0161933	0.00902575	0.0201752	0.00822936	4.49873	2.12102
8	0.0359389	0.0366468	0.00898473	0.0116801	0.00557053	0.0141959	0.00449236	5.04766	2.2467
8.5	0.0257367	0.0258125	0.00646635	0.00733496	0.00424656	0.00965127	0.00463261	5.66357	2.37982
9	0.0168634	0.0174842	0.00423693	0.00489039	0.00320405	0.00581788	0.00303541	6.35463	2.52084
9.5	0.0121462	0.0113383	0.00305174	0.00358314	0.00218632	0.00455484	0.00188267	7.13001	2.67021
10	0.00685659	0.00700429	0.00171415	0.00233124	0.00109706	0.00246837	0.000959923	8	2.82843
10.5	0.00423155	0.00409869	0.00106318	0.00133294	0.000634733	0.0015022	0.000782837	8.97615	2.99602
11	0.00239736	0.00225755	0.000599341	0.000839077	0.000431525	0.000659275	0.000467486	10.0714	3.17355
11.5	0.00107101	0.00116208	0.000267753	0.00039092	0.000149942	0.000364145	0.000166007	11.3003	3.36159
12	0.000492798	0.000554558	0.000123199	0.000167551	6.65277e-05	0.000162623	9.60956e-05	12.6791	3.56078
12.5	0.000224153	0.000243127	5.60384e-05	7.84537e-05	4.48307e-05	6.50045e-05	3.58645e-05	14.2262	3.77177
13	9.52698e-05	9.69328e-05	2.38174e-05	3.33444e-05	1.38141e-05	3.42971e-05	1.38141e-05	15.9621	3.99526
13.5	3.67126e-05	3.47441e-05	9.17815e-06	1.1748e-05	5.13976e-06	1.34001e-05	6.4247e-06	17.9098	4.23199
14	1.04221e-05	1.10528e-05	2.60551e-06	3.43928e-06	1.82386e-06	3.07451e-06	2.08441e-06	20.0951	4.48275
14.5	3.04409e-06	3.07586e-06	7.61022e-07	1.01977e-06	5.02275e-07	9.74109e-07	5.47936e-07	22.5471	4.74837
15	9.0625e-07	7.36742e-07	2.26563e-07	2.85469e-07	1.72188e-07	3.03594e-07	1.45e-07	25.2982	5.02973
noise test: mean 0.00910981, covariance1.00058
