0	0.469799	0.479178	0.8	0.894427
0.5	0.488145	0.448793	0.897615	0.947425
1	0.448143	0.41736	1.00714	1.00356
1.5	0.377155	0.385072	1.13003	1.06303
2	0.3327	0.352166	1.26791	1.12602
2.5	0.308642	0.318928	1.42262	1.19274
3	0.286182	0.285689	1.59621	1.26341
3.5	0.245098	0.252822	1.79098	1.33827
4	0.210337	0.220729	2.00951	1.41757
4.5	0.180134	0.189832	2.25471	1.50157
5	0.165641	0.160549	2.52982	1.59054
5.5	0.137633	0.13328	2.83851	1.68479
6	0.111429	0.108378	3.18486	1.78462
6.5	0.0911933	0.0861255	3.57347	1.89036
7	0.0624554	0.0667155	4.0095	2.00237
7.5	0.0530786	0.0502328	4.49873	2.12102
8	0.0340633	0.0366468	5.04766	2.2467
8.5	0.0268817	0.0258125	5.66357	2.37982
9	0.0176812	0.0174842	6.35463	2.52084
9.5	0.011364	0.0113383	7.13001	2.67021
10	0.00745236	0.00700429	8	2.82843
10.5	0.00441925	0.00409869	8.97615	2.99602
11	0.00217992	0.00225755	10.0714	3.17355
11.5	0.0011197	0.00116208	11.3003	3.36159
12	0.00057793	0.000554558	12.6791	3.56078
12.5	0.000235692	0.000243127	14.2262	3.77177
13	9.64791e-05	9.69328e-05	15.9621	3.99526
13.5	3.54286e-05	3.47441e-05	17.9098	4.23199
14	1.07824e-05	1.10528e-05	20.0951	4.48275
14.5	3.23073e-06	3.07586e-06	22.5471	4.74837
15	6.9969e-07	7.36742e-07	25.2982	5.02973
