(6, -6)
(-2, 6)
(6, -2)
(-2, 6)
(-6, 2)
(-6, 2)
(6, 6)
(-2, -2)
(-2, -2)
(-2, -6)
(6, 2)
(-6, 6)
(2, 2)
(6, -2)
(6, 2)
(-2, 6)
(6, -2)
(2, -2)
(-6, 6)
(-2, -6)
(2, -2)
(6, 2)
(-2, 2)
(2, 2)
(-2, -6)
(6, -2)
(-6, 2)
(-2, -6)
(2, 6)
(-2, -2)
(2, -6)
(6, 6)
(2, -6)
(6, 6)
(-6, 6)
(-2, -2)
(-2, -2)
(2, -6)
(-2, -2)
(-6, 6)
(-6, 2)
(-2, 6)
(2, 2)
(-6, -6)
(-6, 2)
(6, 6)
(-2, -6)
(-2, -6)
(-2, -2)
(2, 2)
(-2, -2)
(2, -6)
(6, -6)
(-2, 6)
(6, -6)
(6, 6)
(-6, -2)
(2, -2)
(-2, 2)
(6, -2)
(-2, 6)
(2, 6)
(6, -6)
(6, -6)
(2, -6)
(6, -2)
(6, -2)
(2, 6)
(-6, 6)
(2, -6)
(-6, 2)
(-6, 6)
(-6, -6)
(6, 6)
(-2, 2)
(6, -2)
(-6, -2)
(-2, 6)
(6, -6)
(-2, -6)
(-2, -2)
(2, 6)
(-2, 6)
(6, -2)
(-2, -6)
(2, 2)
(-2, -2)
(-2, 2)
(-2, -6)
(-2, 2)
(2, -2)
(6, -6)
(6, 6)
(2, -2)
(2, -6)
(2, -2)
(2, -2)
(-2, -6)
(2, -6)
(6, 2)
(-2, 6)
(6, -2)
(-6, -6)
(-6, 2)
(-6, -6)
(2, 2)
(2, -2)
(6, -2)
(2, 6)
(6, -2)
(-2, -2)
(6, -2)
(2, -6)
(6, -2)
(6, 6)
(-2, -6)
(2, -2)
(-6, 6)
(2, -2)
(6, 6)
(-2, -6)
(-2, 2)
(-6, -2)
(2, -6)
(6, -2)
(2, -6)
(-6, 6)
(-2, 2)
(-6, -6)
(6, 2)
(-2, 6)
(-6, 6)
(2, 6)
(6, -2)
(-6, 2)
(2, -6)
(-2, 6)
(-2, -6)
(6, -6)
(2, -6)
(-6, 2)
(2, -6)
(6, 6)
(2, -6)
(-6, -6)
(-2, 2)
(2, -2)
(-2, -2)
(-2, -2)
(6, 2)
(-6, 6)
(-2, 6)
(-2, -6)
(6, 6)
(6, 6)
(-2, 2)
(-2, 2)
(-6, 6)
(2, 6)
(-2, -2)
(-2, -6)
(-6, 6)
(6, -6)
(-6, 2)
(-2, -6)
(2, 6)
(2, 2)
(2, 2)
(2, -6)
(2, 6)
(6, -2)
(-6, 2)
(-2, 6)
(-6, -6)
(2, -6)
(-6, 2)
(6, -2)
(6, 2)
(-2, -2)
(2, -2)
(-6, -6)
(2, -2)
(6, 2)
(-2, 6)
(2, 2)
(-2, 2)
(6, -2)
(-2, 2)
(-6, 2)
(-2, 6)
(2, -6)
(6, -2)
(2, 2)
(6, -6)
(-2, -2)
(2, 2)
(6, 2)
(2, -6)
(2, -6)
(-6, 2)
(6, 2)
(6, 6)
(6, 6)
(6, -2)
(2, 2)
(6, 6)
(-2, 2)
(-6, -2)
(6, 2)
(2, -2)
(2, -2)
(-6, -2)
(-6, -2)
(2, 6)
(-6, 6)
(6, 6)
(-6, -6)
(-6, 2)
(2, -2)
(6, -6)
(6, -6)
(6, -6)
(-6, -2)
(2, -2)
(-2, 6)
(-2, 6)
(-6, -6)
(-6, -6)
(-6, 2)
(-6, -2)
(-6, 6)
(-6, -6)
(-2, 2)
(2, -6)
(2, -6)
(-2, -2)
(-6, -2)
(-2, 6)
(-2, 6)
(-2, 2)
(2, -2)
(2, -2)
(-2, 6)
(6, -2)
(2, 2)
(2, -2)
(-2, -2)
(6, -6)
(2, -6)
(-2, -2)
(6, 6)
(-6, -2)
(-6, 6)
(-6, 2)
(-6, -2)
(-6, 2)
(2, 2)
(-2, -2)
(-6, 6)
(-2, -2)
(-2, -2)
(-2, -6)
(-6, 6)
(6, 6)
(2, -6)
(6, -6)
(2, -6)
(2, -2)
(-6, 2)
(6, -6)
(2, 6)
(2, 2)
(-2, 2)
(2, -2)
(-2, 2)
(6, 6)
(6, 6)
(2, 2)
(-6, -2)
(2, -6)
(6, -6)
(2, -6)
(2, 2)
(-6, -2)
(6, -2)
(-6, 2)
(6, 6)
(-2, -2)
(6, 6)
(2, -2)
(-2, 6)
(6, -2)
(6, -6)
(-2, -2)
(-6, 2)
(2, -2)
(6, -6)
(2, -6)
(6, -2)
(6, -6)
(2, -2)
(-2, 2)
(2, -2)
(-2, -6)
(-6, 2)
(-2, 2)
(6, 2)
(-2, -2)
(2, 6)
(6, -6)
(-2, -6)
(6, 2)
(2, -2)
(-2, 6)
(2, -6)
(2, 2)
(-2, -2)
(-2, 6)
(6, 2)
(-2, -6)
(6, -2)
(-6, 2)
(-2, -2)
(-2, -2)
(-2, -2)
(-6, 6)
(-2, 6)
(2, 2)
(-6, -2)
(6, 6)
(-2, -6)
(6, 2)
(-6, -6)
(6, -2)
(6, 6)
(-2, 2)
(2, 6)
(6, 6)
(-2, 6)
(-2, 2)
(-2, -6)
(-2, 6)
(2, 6)
(-6, -6)
(6, 2)
(-6, -6)
(-2, -6)
(6, 2)
(-2, -2)
(-6, 6)
(2, -6)
(-2, 2)
(2, -2)
(-2, -2)
(6, 6)
(-2, 2)
(-2, -6)
(-2, -2)
(-6, 2)
(6, 2)
(6, -6)
(-2, -2)
(6, 6)
(6, 6)
(-6, -6)
(-6, -6)
(2, 6)
(-2, 6)
(2, -6)
(-2, 6)
(-2, 6)
(-6, -6)
(6, 6)
(6, -2)
(6, -2)
(2, 2)
(-2, -2)
(2, 2)
(-6, 2)
(6, 6)
(2, 2)
(-2, 6)
(6, 2)
(-6, -2)
(6, -6)
(-2, 2)
(-2, 6)
(6, 6)
(-6, 2)
(6, 2)
(2, -6)
(-6, 6)
(-2, 6)
(-2, 6)
(-6, -2)
(-2, -6)
(2, -2)
(2, 6)
(6, -2)
(-2, -6)
(6, -2)
(-2, 6)
(-2, -6)
(2, -6)
(6, 6)
(6, -6)
(-2, 6)
(-6, 6)
(6, 2)
(-6, -2)
(6, 6)
(2, -6)
(2, 6)
(6, -2)
(-2, -6)
(2, -2)
(-6, -6)
(-6, 2)
(6, 2)
(2, -6)
(2, -6)
(-6, 6)
(-2, 6)
(6, 6)
(-2, -2)
(-6, -2)
(2, 6)
(-6, 6)
(-2, 2)
(2, -6)
(2, 6)
(6, 2)
(6, 6)
(6, 2)
(-6, -2)
(2, -2)
(-2, 2)
(2, 6)
(-2, -2)
(-6, 6)
(2, -6)
(6, 6)
(6, -6)
(6, 6)
(-6, -2)
(6, -2)
(-2, 2)
(6, 6)
(2, 2)
(6, -2)
(-2, 2)
(6, -6)
(-6, 6)
(-2, 6)
(6, -2)
(2, -6)
(2, 2)
(6, 6)
(2, -2)
(-6, -6)
(-6, -2)
(-2, 2)
(2, -2)
(-2, 6)
(2, 2)
(2, -2)
(2, 2)
(-6, -2)
(2, -6)
(6, -2)
(-6, 2)
(-2, -6)
(-2, -6)
(-2, -2)
(-6, -2)
(-2, -6)
(-2, -6)
(-2, -2)
(-6, 6)
(-6, 6)
(6, 2)
(6, 6)
(-2, 2)
(-6, 2)
(6, 2)
(2, -2)
(2, 2)
(-2, 2)
(2, -2)
(-2, -2)
(6, -2)
(2, -6)
(-2, 2)
(-6, -6)
(-6, 2)
(2, 2)
(-6, 6)
(-2, 2)
(6, 2)
(2, -6)
(6, -2)
(-6, 2)
(6, -6)
(-6, -2)
(2, -2)
(-6, -6)
(-2, -6)
(2, -2)
(6, -6)
(-6, 2)
(-6, -2)
(-6, 6)
(-2, -2)
(2, -6)
(6, 6)
(2, -6)
(2, 6)
(-2, 6)
(2, -6)
(-2, 6)
(2, -6)
(2, -2)
(-2, 2)
(-6, 6)
(-2, -6)
(6, 6)
(-2, 2)
(-6, -6)
(-2, -6)
(6, -6)
(-2, -2)
(6, -6)
(6, -2)
(-2, -6)
(-2, 6)
(-2, -2)
(2, 6)
(6, 2)
(-2, -2)
(2, -2)
(2, -6)
(-6, 6)
(-6, 2)
(-6, -2)
(-2, -6)
(-2, 2)
(-2, -6)
(-6, -2)
(6, 2)
(-6, 6)
(-6, 6)
(2, 6)
(6, -6)
(-2, 6)
(-6, 2)
(-2, -6)
(-6, 6)
(-6, -2)
(2, -6)
(6, 6)
(2, 6)
(6, 2)
(-6, 2)
(2, 2)
(-6, 6)
(-6, 6)
(2, -6)
(-6, -6)
(6, -2)
(-6, -6)
(2, -6)
(-2, -6)
(6, -6)
(-6, 2)
(-2, -6)
(2, -6)
(6, -2)
(6, -6)
(-6, 6)
(6, 6)
(-2, -2)
(6, 6)
(2, 6)
(-2, 6)
(-2, 6)
(2, 6)
(2, -2)
(6, -6)
(2, 2)
(-6, -2)
(6, -6)
(6, 2)
(6, 6)
(6, 2)
(6, -6)
(6, 2)
(6, 2)
(-2, 6)
(6, 6)
(2, -6)
(-6, 6)
(6, 6)
(2, -2)
(-6, -2)
(-6, 6)
(6, -2)
(6, 6)
(6, -6)
(2, 2)
(-2, -6)
(-2, 2)
(6, -6)
(-6, -2)
(-2, 2)
(-6, -6)
(6, 6)
(2, -6)
(-2, -2)
(-6, -6)
(6, -2)
(6, -2)
(-2, -6)
(-2, -2)
(6, 2)
(-2, 6)
(-6, -2)
(-2, 6)
(6, 2)
(-2, 6)
(6, -6)
(2, -2)
(2, 6)
(6, 2)
(6, 2)
(2, 6)
(-2, -2)
(2, -6)
(-2, 6)
(-2, -2)
(-6, -6)
(-6, 2)
(-2, 2)
(6, 6)
(6, -2)
(-6, -2)
(2, 2)
(2, 6)
(2, -6)
(6, -2)
(6, -6)
(2, -6)
(-2, 2)
(6, -2)
(2, 2)
(-6, 6)
(-6, -2)
(-6, -2)
(2, -6)
(2, -2)
(-6, 2)
(-6, 6)
(2, -2)
(-6, -6)
(-6, -2)
(6, -2)
(-6, 2)
(-2, 2)
(6, 6)
(-2, 2)
(-6, 6)
(2, 6)
(2, -2)
(-6, 6)
(-6, -6)
(2, -6)
(6, -2)
(6, 6)
(-2, -6)
(2, 6)
(-2, -2)
(6, -6)
(-6, 6)
(-6, 2)
(6, 2)
(-2, -6)
(-6, -2)
(6, -2)
(-2, 2)
(-2, 6)
(-6, -2)
(-2, -2)
(-2, 6)
(-6, -6)
(2, 2)
(2, -6)
(-2, 6)
(-6, 2)
(-6, -2)
(6, 6)
(6, -6)
(6, 2)
(-6, 2)
(6, 2)
(-6, 6)
(2, -2)
(6, 6)
(6, 2)
(2, -2)
(6, 6)
(2, 2)
(-6, -2)
(2, 6)
(2, 2)
(-6, -2)
(-2, 6)
(2, 2)
(-6, -2)
(-6, -2)
(6, 2)
(6, 6)
(2, 2)
(2, -2)
(6, -6)
(2, 2)
(6, -2)
(6, 2)
(-6, 6)
(-6, 2)
(6, 6)
(6, 2)
(6, -6)
(2, -6)
(-2, -6)
(-2, -2)
(6, 6)
(-6, 2)
(2, 2)
(2, 2)
(6, -6)
(6, 2)
(-6, 2)
(-6, -2)
(6, 6)
(-2, 6)
(6, 6)
(2, -2)
(-2, 2)
(-2, -6)
(-6, -2)
(-6, 6)
(2, 2)
(2, -6)
(-6, -6)
(-6, -2)
(6, 2)
(-2, -6)
(6, -2)
(-6, 2)
(2, 2)
(6, -6)
(-2, 6)
(2, -2)
(6, -6)
(2, -6)
(2, -6)
(2, -2)
(-2, 6)
(6, -6)
(-6, 6)
(-2, 6)
(6, -2)
(-6, -6)
(6, -2)
(-2, 6)
(2, -2)
(-6, 6)
(2, 2)
(6, -6)
(-2, -2)
(-6, 2)
(-6, -6)
(-2, -2)
(-6, -2)
(6, 6)
(-2, 2)
(-6, 6)
(2, 2)
(-6, 6)
(-6, -6)
(-2, 2)
(-2, -2)
(-2, 2)
(-6, 6)
(2, 2)
(2, -2)
(6, -2)
(6, 6)
(-2, 6)
(2, 6)
(6, 2)
(2, -6)
(2, -6)
(-2, 2)
(-2, -2)
(-6, -2)
(2, -6)
(6, -6)
(2, -6)
(-2, 6)
(6, 6)
(6, -2)
(2, 6)
(2, 2)
(6, -2)
(2, 2)
(2, 2)
(2, 2)
(2, -2)
(6, -6)
(-6, 6)
(6, 2)
(2, 2)
(-6, 6)
(-6, 2)
(-6, 6)
(6, 2)
(-6, 2)
(6, 6)
(2, 6)
(-6, -6)
(-6, -2)
(-6, -2)
(6, 2)
(2, 2)
(-6, 2)
(-6, 2)
(2, -2)
(-6, 2)
(-2, -2)
(6, -2)
(2, -6)
(-6, -2)
(2, -2)
(-6, -2)
(-2, -2)
(-2, -6)
(-6, 2)
(6, 2)
(-6, 6)
(-2, -2)
(2, 6)
(-2, 2)
(6, 2)
(-6, -2)
(-6, -2)
(-2, -6)
(6, 6)
(2, 2)
(-6, 6)
(-2, 6)
(-6, -2)
(-6, -2)
(6, 2)
(-6, 2)
(-6, 2)
(2, 6)
(-6, -6)
(-6, 2)
(-6, -6)
(-6, 2)
(-2, 6)
(-6, -2)
(6, -2)
(2, 6)
(-6, -6)
(-2, -6)
(-6, -6)
(6, 6)
(6, -2)
(-2, 2)
(-2, -2)
(-6, -6)
(-6, 6)
(-6, 2)
(6, -2)
(6, -6)
(6, -6)
(6, -6)
(2, -2)
(-2, -2)
(-2, 6)
(-2, -2)
(-6, -6)
(2, -2)
(2, 2)
(6, -2)
(-6, -6)
(-2, -2)
(-6, 6)
(2, -6)
(-2, 2)
(-6, -6)
(2, -6)
(2, -6)
(-2, 6)
(-2, 2)
(2, -6)
(-6, 6)
(-2, -2)
(-2, 2)
(-2, -2)
(6, -2)
(6, -2)
(-2, -2)
(2, 2)
(2, -6)
(-6, 6)
(2, -2)
(-6, -2)
(-2, -6)
(-2, 2)
(-6, -2)
(2, 2)
(-2, 6)
(2, -6)
(6, -6)
(-6, 6)
(6, -6)
(2, -6)
(-6, 2)
(6, 2)
(-2, 6)
(-2, -6)
(6, -6)
(-6, 6)
(2, -6)
(2, 2)
(6, -2)
(2, -6)
(-6, 2)
(6, -6)
(6, -6)
(-2, 6)
(2, 6)
(-2, -6)
(-2, 2)
(6, -2)
(6, -6)
(-6, -2)
(-2, 2)
(6, 6)
(6, 2)
(-6, 2)
(-6, -2)
(2, 6)
(-2, 2)
(6, -2)
(-2, -2)
(-6, -6)
(6, 6)
(2, -2)
(2, -2)
(-6, 6)
(6, -6)
(-6, 2)
(6, 6)
(-2, 6)
(-6, 6)
(-6, 2)
(6, 6)
(6, 6)
(-6, 6)
(-6, 6)
(6, 2)
(2, -2)
(-2, -6)
(6, 2)
(-2, 2)
(-2, -6)
(6, -2)
(2, -6)
(6, -2)
(2, -2)
(2, -2)
(-2, -6)
(6, 2)
(6, -6)
(-6, -6)
(-6, -6)
(-2, 2)
(6, 2)
(6, 2)
(2, 2)
(6, 2)
(2, 2)
(6, 2)
(6, 6)
(6, -2)
(-2, 6)
(2, 2)
(-6, -6)
(2, 2)
(-2, -2)
(-6, 6)
(6, 2)
(6, 2)
(-2, 6)
(6, 2)
(-6, 2)
(6, -6)
(2, 2)
(-2, 6)
(-6, 2)
(6, -2)
(-6, -6)
(-2, 2)
(-2, -6)
(-2, -2)
(2, -6)
(6, 2)
(2, -6)
(6, -6)
(-6, 6)
(-2, -2)
(-6, 6)
(2, -6)
(-6, -2)
(6, -2)
(2, -2)
(2, 2)
(6, -2)
(-6, -2)
(-2, -2)
(2, 2)
(2, -6)
(6, -2)
(6, 6)
(-2, 2)
(-2, -6)
(2, 6)
(6, -2)
(-6, -6)
(-2, 2)
(2, 6)
(-6, 2)
(-6, 6)
(6, -2)
(2, 6)
(2, -2)
(2, 2)
(6, 2)
(6, -2)
(2, -2)
(-2, -2)
(6, -6)
(2, -6)
(-2, -2)
(6, 6)
(-6, 6)
(-2, 2)
(-6, -2)
(2, -2)
(-2, 2)
(2, -6)
(-6, -2)
(2, -2)
(6, -2)
(2, 6)
(2, -2)
(-2, -2)
(-6, -6)
(-6, -2)
(-2, 6)
(-2, 2)
(6, -6)
(-2, 6)
(6, 6)
(2, 2)
(-6, -2)
(-2, -2)
(2, -6)
(-6, -6)
(-2, 6)
(6, 6)
(-6, -6)
(2, 6)
(-6, -2)
(2, -6)
(-6, -6)
(6, 6)
(6, -2)
(-6, -2)
(2, -6)
(2, -6)
(-6, -2)
(-2, -2)
(-6, -2)
(-2, -6)
(6, 6)
(6, -6)
(2, 6)
(-2, -6)
(-2, 6)
(6, -2)
(2, -6)
(-6, -6)
(6, -6)
(2, -2)
(-2, -6)
(2, -6)
(-2, 6)
(-6, 6)
(-2, 2)
(-6, 2)
(6, 2)
(2, 2)
(6, -2)
(2, 2)
(-2, 2)
(2, 6)
(-2, -6)
(2, -6)
(6, 6)
(-2, 2)
(-6, -6)
(6, -6)
(-6, -6)
(2, -6)
(6, 2)
(6, -6)
(-6, -6)
(-6, 2)
(6, 6)
(6, 6)
(2, 6)
(-6, -6)
(2, 6)
(-2, -6)
(-2, -6)
(-6, 6)
(2, -2)
(-6, 6)
(6, -2)
(2, 6)
(2, 6)
(2, 6)
(2, -6)
(-2, 2)
(-2, -6)
(-2, -6)
(2, 2)
(2, -6)
(6, 2)
(-6, -2)
(-2, -6)
(-2, 2)
(6, -2)
(-2, -2)
(6, 2)
(-2, 2)
(-2, 2)
(2, -6)
(-6, -6)
(-6, 6)
(2, 2)
(6, 6)
(-2, 2)
(-6, -6)
(-6, -2)
(2, -6)
(-6, -6)
(2, 6)
(6, 6)
(-2, 6)
(-2, -6)
(-6, 6)
(6, 2)
(2, -2)
(6, -2)
(-2, 6)
(6, 2)
(-6, -6)
(6, 6)
(2, 2)
(-2, -6)
(6, 6)
(6, -6)
(-6, 6)
(2, -6)
(-6, -6)
(6, 6)
(2, -6)
(2, 2)
(6, 2)
(6, 6)
(-2, 6)
(-6, 2)
(-2, -2)
(-2, 2)
(2, 6)
(-2, -6)
(-2, 2)
(2, -6)
(-2, 2)
(6, -6)
(-2, 6)
(-6, -2)
(2, -2)
(6, 6)
(-2, 6)
(6, 6)
(-2, -2)
(2, 6)
(6, -2)
(-2, 2)
(-2, 2)
(-2, 2)
(6, -2)
(6, 6)
(-2, 2)
(2, 2)
(-2, -6)
(-2, -2)
(6, -6)
(-6, -6)
(6, -2)
(2, -6)
(6, -6)
(-6, -2)
(6, 6)
(6, -6)
(6, 2)
(2, -6)
(-6, 2)
(6, -6)
(-2, -2)
(2, -6)
(6, 6)
(-2, -2)
(-6, -2)
(-2, 6)
(6, -2)
(-2, 2)
(2, 2)
(-2, -6)
(6, -6)
(2, -6)
(6, 2)
(-2, 2)
(-2, -6)
(6, 6)
(6, -6)
(6, -6)
(-2, 2)
(2, -2)
(2, 2)
(2, -6)
(-2, -2)
(-2, 2)
(-2, -2)
(2, -2)
(2, 6)
(-2, 2)
(-6, 6)
(2, 2)
(-6, -6)
(-6, -2)
(-6, 6)
(-2, 6)
(-2, -6)
(6, -2)
(-6, 2)
(-6, 2)
(6, -2)
(6, 6)
(2, 2)
(6, 6)
(2, 2)
(2, -6)
(6, -6)
(2, -6)
(-2, -2)
(6, -2)
(2, 2)
(2, -6)
(-6, 6)
(-2, -6)
(-2, 2)
(-2, -6)
(6, 6)
(-6, -6)
(2, 6)
(6, 2)
(-2, 6)
(-2, 2)
(6, -6)
(-6, -2)
(-6, -6)
(6, 2)
(-2, 6)
(2, 2)
(2, 2)
(-2, 2)
(-6, 6)
(-6, 6)
(2, 6)
(-6, -6)
(6, 6)
(-2, -6)
(-2, 2)
(-2, 2)
(2, 2)
(-6, -6)
(-2, 2)
(-6, -6)
(2, -2)
(-6, -6)
(-6, -6)
(6, 6)
(2, 6)
(-6, -6)
(6, -6)
(2, -2)
(6, -6)
(-6, 2)
(6, 2)
(-6, 2)
(-2, 6)
(-6, -2)
(6, -6)
(2, 6)
(-2, 2)
(-6, 6)
(6, -6)
(-2, -2)
(6, -6)
(-6, -2)
(2, 2)
(6, -2)
(2, -6)
(-2, 6)
(2, -6)
(-2, 2)
(-6, -2)
(2, 2)
(2, 2)
(-6, 6)
(-2, 6)
(2, 2)
(6, 6)
(-2, 2)
(-2, 2)
(2, 2)
(6, 2)
(-2, -2)
(2, -2)
(2, 6)
(2, 2)
(-6, -6)
(6, -6)
(6, 2)
(2, 6)
(2, -2)
(-6, 2)
(-2, -6)
(-2, -6)
(6, -2)
(2, -6)
(2, 2)
(2, -6)
(6, -6)
(-2, -2)
(2, -6)
(6, 6)
(6, 2)
(2, -6)
(-6, -6)
(-2, 6)
(-6, -2)
(-2, 6)
(2, 2)
(-6, -6)
(-2, -6)
(2, -6)
(-6, -2)
(6, -6)
(-6, -6)
(-6, -6)
(-2, 2)
(2, 2)
(-6, 2)
(6, 2)
(2, -6)
(6, 6)
(6, -2)
(6, 2)
(-2, -2)
(6, -6)
(6, -6)
(-2, 6)
(-2, 6)
(2, 2)
(6, -6)
(-6, 6)
(2, 2)
(6, 6)
(-6, -2)
(2, 6)
(-6, -6)
(6, 2)
(-2, -6)
(-6, -6)
(6, -2)
(2, 6)
(-2, 6)
(-6, -2)
(6, 2)
(-2, -2)
(-2, 6)
(-6, -2)
(-6, 6)
(-2, 2)
(-2, -2)
(-6, -6)
(2, -2)
(-2, 6)
(6, 2)
(6, -2)
(6, -2)
(6, -2)
(-2, -6)
(6, 2)
(6, -2)
(6, 2)
(-2, 6)
(-6, 6)
(-6, 6)
(-6, 2)
(-6, -6)
(-6, -2)
(2, 6)
(2, 6)
(2, -2)
(6, 6)
(2, -2)
(-6, 6)
(2, -6)
(2, 6)
(6, -2)
(-6, 2)
(-6, 2)
(6, 2)
(-2, -6)
(6, -2)
(-6, -6)
(2, -2)
(-2, -2)
(-6, 2)
(6, 2)
(-2, 6)
(-2, -6)
(-2, 2)
(-6, -6)
(-6, -6)
(-6, -6)
(2, 2)
(6, 2)
(-6, 6)
(-2, -6)
(-2, -2)
(-6, -2)
(6, -6)
(-2, 6)
(2, 2)
(6, 6)
(6, 6)
(-2, -2)
(2, 2)
(6, 6)
(6, -2)
(6, 6)
(-6, 2)
(2, 6)
(-2, -2)
(6, 2)
(-6, -6)
(-6, -2)
(-6, 6)
(6, 6)
(2, 6)
(-6, 2)
(-6, 2)
(2, 6)
(-2, -2)
(6, 6)
(-2, 2)
(-6, -6)
(6, 6)
(6, 2)
(2, 2)
(-2, 6)
(-6, 2)
(-6, 2)
(6, 2)
(6, 6)
(6, 6)
(6, -2)
(2, 6)
(2, -6)
(-6, -2)
(-2, -2)
(-2, 6)
(6, 2)
(-2, 6)
(-6, -6)
(-2, 6)
(-6, -2)
(-6, -2)
(2, 6)
(2, -2)
(-2, -2)
(-6, 2)
(2, 2)
(-2, -2)
(6, -2)
(6, -6)
(-2, -6)
(-2, -6)
(-2, -2)
(-6, 2)
(-2, 2)
(-6, 2)
(-2, -6)
(-2, -6)
(2, -6)
(2, 6)
(-2, -6)
(6, 2)
(-6, 2)
(6, -2)
(6, 2)
(-6, 6)
(6, 6)
(-2, -6)
(6, 2)
(2, 2)
(-6, 6)
(2, 2)
(-2, 6)
(-6, -2)
(6, 6)
(-2, 6)
(-6, 6)
(-2, 6)
(-6, 6)
(-6, 6)
(2, -6)
(-2, -6)
(2, -2)
(-6, 6)
(2, 6)
(-6, -6)
(-6, -2)
(6, 2)
(6, 6)
(2, -2)
(6, -6)
(6, 2)
(2, -2)
(2, -2)
(6, 2)
(-2, 6)
(-6, -6)
(-2, 6)
(2, -2)
(-6, 6)
(-2, 2)
(-2, 2)
(-2, 2)
(6, 2)
(6, -6)
(-2, -2)
(-2, 6)
(-2, -6)
(-2, 6)
(6, 6)
(-6, 2)
(-2, 6)
(-6, -2)
(2, -2)
(6, 2)
(6, -2)
(-6, -6)
(2, -6)
(2, 2)
(6, -2)
(-6, -2)
(-6, -2)
(-2, 6)
(-6, 2)
(-2, -2)
(-2, -2)
(6, 6)
(-2, -6)
(-2, 2)
(-2, 2)
(-6, -6)
(-2, 2)
(-6, -6)
(2, 6)
(-2, 6)
(-2, -2)
(-2, 2)
(2, -2)
(2, 2)
(6, -6)
(-2, -6)
(-6, 2)
(6, 6)
(-6, 6)
(6, 6)
(6, 6)
(-6, -6)
(-2, 2)
(6, 2)
(6, -2)
(-2, 2)
(2, 6)
(-6, -2)
(-2, 2)
(-2, 2)
(-2, 6)
(-2, -2)
(6, 6)
(2, 2)
(2, 6)
(-6, 2)
(-6, -6)
(2, -6)
(-2, -6)
(2, 6)
(-2, 2)
(2, 6)
(6, -2)
(-6, 2)
(2, 6)
(-2, -2)
(6, 2)
(-6, -6)
(6, -2)
(-2, 6)
(-6, -6)
(2, -2)
(-2, 6)
(2, -2)
(-6, -6)
(-6, -2)
(-2, -2)
(2, 2)
(6, 2)
(-6, 6)
(-6, 6)
(2, -6)
(2, 6)
(6, -6)
(6, -6)
(6, 2)
(2, -2)
(2, -6)
(-2, 6)
(2, 2)
(2, 2)
(6, -2)
(-6, -6)
(-2, -6)
(6, -2)
(2, 6)
(6, -6)
(-2, -2)
(-2, -6)
(-6, -2)
(-6, -6)
(-2, -2)
(-6, 6)
(-2, 6)
(6, -2)
(6, 2)
(-6, 6)
(2, 6)
(-6, 2)
(-6, -2)
(-2, 6)
(2, -2)
(-6, 2)
(-6, -2)
(-2, -6)
(-6, 2)
(6, -6)
(-6, -6)
(2, 2)
(-2, 6)
(2, -2)
(6, 6)
(-6, -6)
(2, -6)
(6, -6)
(6, -6)
(6, 2)
(6, -6)
(-6, -2)
(-2, 2)
(-6, 6)
(2, 6)
(-6, -2)
(2, 6)
(-6, 2)
(6, -2)
(6, 2)
(6, -6)
(-6, -6)
(-2, -2)
(6, -6)
(-6, 6)
(2, -2)
(6, 6)
(2, -2)
(-6, 6)
(6, 2)
(-6, 6)
(-6, -2)
(-6, -2)
(-2, -2)
(2, -2)
(-6, 6)
(-6, -2)
(6, -6)
(-2, -2)
(-6, -2)
(2, -6)
(-6, 6)
(2, -2)
(-2, 6)
(-6, -2)
(-6, -2)
(6, -2)
(-6, 2)
(-2, -2)
(2, -6)
(-6, 6)
(6, 2)
(2, -2)
(-2, -2)
(6, -2)
(2, -2)
(2, -2)
(-2, 6)
(-2, -2)
(2, -6)
(2, 6)
(-2, -2)
(-6, -2)
(-2, 2)
(6, -2)
(6, 6)
(6, 6)
(-2, 6)
(-6, -6)
(6, 2)
(2, -2)
(-2, -2)
(2, 2)
(6, -2)
(2, -6)
(2, -2)
(-2, 2)
(2, 6)
(6, -2)
(-2, 2)
(-2, -2)
(-2, 6)
(-6, 6)
(-2, -2)
(-2, -6)
(6, -6)
(6, 6)
(-2, 6)
(-2, 2)
(2, -6)
(2, -2)
(2, 2)
(6, 2)
(-2, -6)
(6, -2)
(6, 2)
(-2, 6)
(-6, 2)
(-2, 2)
(-2, 6)
(-2, -6)
(2, -2)
(2, 2)
(-2, 6)
(-6, -2)
(-2, -2)
(-2, 6)
(2, 6)
(-6, -2)
(-6, -2)
(2, -2)
(2, -2)
(2, 6)
(-2, -6)
(-6, 2)
(-6, -6)
(-2, 2)
(-6, -2)
(6, 6)
(-2, 2)
(-2, 6)
(2, 6)
(-6, -2)
(-6, 6)
(6, 2)
(2, -6)
(2, -6)
(-6, 6)
(6, 6)
(-2, -2)
(6, 2)
(2, 2)
(-2, -2)
(2, 2)
(6, 6)
(6, -2)
(2, -2)
(6, 6)
(2, 6)
(6, 2)
(2, -6)
(-6, -6)
(-2, 2)
(-2, 6)
(2, -6)
(-2, -2)
(-2, -6)
(6, -2)
(-6, -2)
(2, 6)
(2, 2)
(-6, -6)
(-2, 2)
(-6, 2)
(-6, 6)
(-6, -6)
(-2, -2)
(-2, -6)
(-2, 6)
(-6, 6)
(6, -6)
(-2, 2)
(2, -6)
(-6, -2)
(-2, -6)
(2, -2)
(-2, -2)
(-2, -6)
(-6, -2)
(-2, -6)
(6, -6)
(2, 6)
(2, -6)
(-6, -6)
(2, 6)
(-2, -6)
(-6, 6)
(-2, 2)
(-6, 2)
(2, -6)
(-2, -6)
(-2, -6)
(6, -6)
(6, -6)
(-6, 2)
(6, -2)
(-2, -2)
(-6, -2)
(-2, 6)
(6, 2)
(6, 2)
(6, -6)
(2, -6)
(-6, 2)
(2, -6)
(2, 6)
(-6, 2)
(2, 6)
(-6, -6)
(6, -6)
(2, 2)
(2, -6)
(-6, -6)
(-6, -6)
(6, -6)
(6, 2)
(-6, 6)
(-6, 6)
(6, -6)
(-2, -6)
(2, 6)
(-6, -2)
(-2, 2)
(-6, 6)
(-6, 6)
(2, -2)
(-2, 6)
(-6, -6)
(-2, -6)
(-6, 2)
(2, 2)
(6, 2)
(2, 6)
(2, -6)
(6, 6)
(-2, -2)
(-2, -6)
(6, -6)
(6, -6)
(-6, 6)
(2, -6)
(-6, -6)
(-6, -2)
(-2, -2)
(6, 2)
(2, -6)
(-2, 2)
(6, 6)
(-6, 6)
(6, 2)
(-6, -2)
(-2, -6)
(2, 6)
(-2, 6)
(-2, 2)
(-6, 6)
(2, 6)
(6, 6)
(-2, 6)
(2, 6)
(6, -6)
(-6, -2)
(-6, -2)
(2, 6)
(2, -6)
(-6, -6)
(-6, 6)
(2, -2)
(-6, -2)
(-2, 6)
(6, -2)
(2, 2)
(2, 2)
(6, -2)
(-2, 6)
(-6, 2)
(-2, 2)
(-6, 6)
(2, -6)
(2, -6)
(6, -2)
(-6, 6)
(-2, 2)
(6, -2)
(-2, 2)
(2, 2)
(-2, -2)
(2, -2)
(6, 6)
(6, 6)
(-6, 6)
(-6, -6)
(6, -6)
(-6, 2)
(2, 6)
(6, 6)
(-2, -2)
(2, 6)
(-2, -2)
(6, -6)
(6, -2)
(2, 2)
(6, 2)
(-2, -6)
(6, 6)
(-6, 2)
(2, 6)
(2, -6)
(-2, -2)
(2, 2)
(-2, 6)
(-2, 6)
0	0.485437	0.479178	0.8	0.894427
0.5	0.470958	0.448793	0.897615	0.947425
1	0.424929	0.41736	1.00714	1.00356
1.5	0.401606	0.385072	1.13003	1.06303
2	0.364078	0.352166	1.26791	1.12602
2.5	0.321543	0.318928	1.42262	1.19274
3	0.278552	0.285689	1.59621	1.26341
3.5	0.248756	0.252822	1.79098	1.33827
4	0.230061	0.220729	2.00951	1.41757
4.5	0.178784	0.189832	2.25471	1.50157
5	0.151822	0.160549	2.52982	1.59054
5.5	0.142925	0.13328	2.83851	1.68479
6	0.1053	0.108378	3.18486	1.78462
6.5	0.0856898	0.0861255	3.57347	1.89036
7	0.0646552	0.0667155	4.0095	2.00237
7.5	0.048852	0.0502328	4.49873	2.12102
8	0.0377406	0.0366468	5.04766	2.2467
8.5	0.0261597	0.0258125	5.66357	2.37982
9	0.0168086	0.0174842	6.35463	2.52084
9.5	0.0117495	0.0113383	7.13001	2.67021
10	0.0073888	0.00700429	8	2.82843
10.5	0.00453446	0.00409869	8.97615	2.99602
11	0.00213044	0.00225755	10.0714	3.17355
11.5	0.00112886	0.00116208	11.3003	3.36159
12	0.000542141	0.000554558	12.6791	3.56078
12.5	0.000245041	0.000243127	14.2262	3.77177
13	9.42795e-05	9.69328e-05	15.9621	3.99526
13.5	3.75054e-05	3.47441e-05	17.9098	4.23199
14	1.06919e-05	1.10528e-05	20.0951	4.48275
14.5	3.14009e-06	3.07586e-06	22.5471	4.74837
15	7.35963e-07	7.36742e-07	25.2982	5.02973
15.5	1.46442e-07	1.49144e-07	28.3851	5.32776
